124 
48 
869 
526 
198 
717 
492 
249 
881 
294 
274 
338 
509 
991 
425 
519 
715 
69 
872 
957 
679 
205 
516 
97 
963 
381 
119 
738 
1 
235 
298 
315 
702 
423 
646 
892 
678 
689 
60 
168 
981 
101 
742 
64 
228 
408 
849 
827 
501 
26 
899 
555 
921 
55 
519 
842 
473 
440 
903 
751 
791 
274 
532 
980 
801 
5 
200 
895 
879 
384 
680 
849 
2 
85 
860 
425 
226 
184 
551 
520 
85 
184 
482 
297 
840 
154 
890 
201 
376 
967 
981 
86 
781 
655 
74 
204 
765 
316 
622 
84 
69 
438 
746 
61 
450 
470 
318 
558 
345 
58 
449 
728 
460 
467 
301 
445 
686 
492 
733 
940 
852 
707 
189 
946 
641 
208 
578 
240 
330 
757 
78 
824 
966 
886 
219 
504 
698 
113 
107 
986 
598 
680 
132 
552 
949 
178 
640 
490 
348 
724 
355 
97 
530 
160 
622 
50 
458 
711 
795 
385 
280 
27 
192 
737 
729 
486 
104 
443 
734 
284 
208 
445 
186 
314 
761 
803 
37 
959 
329 
241 
717 
474 
682 
475 
3 
10 
780 
734 
354 
131 
564 
807 
393 
794 
978 
977 
62 
234 
196 
962 
482 
832 
475 
375 
703 
274 
484 
890 
600 
345 
235 
104 
481 
94 
944 
785 
852 
167 
712 
523 
652 
605 
985 
241 
856 
587 
852 
264 
609 
189 
253 
493 
686 
196 
926 
193 
770 
681 
915 
330 
481 
724 
131 
595 
950 
634 
872 
638 
564 
496 
855 
88 
18 
759 
507 
730 
847 
241 
157 
878 
711 
511 
44 
758 
540 
502 
953 
234 
741 
411 
831 
650 
608 
637 
84 
630 
150 
981 
616 
443 
499 
396 
606 
938 
738 
226 
698 
793 
739 
926 
44 
698 
397 
228 
702 
269 
497 
712 
838 
74 
637 
725 
805 
983 
186 
721 
856 
373 
792 
64 
336 
729 
554 
50 
291 
698 
931 
336 
10 
577 
201 
243 
338 
128 
29 
813 
470 
82 
40 
814 
838 
798 
845 
479 
14 
664 
519 
885 
409 
157 
463 
527 
268 
277 
499 
308 
931 
806 
301 
999 
453 
550 
206 
642 
378 
84 
561 
525 
565 
237 
259 
726 
255 
852 
235 
146 
313 
273 
869 
969 
634 
616 
912 
283 
95 
30 
361 
590 
148 
431 
827 
843 
726 
533 
841 
535 
642 
883 
18 
453 
605 
935 
699 
9 
756 
256 
532 
413 
616 
376 
252 
530 
212 
711 
763 
608 
657 
691 
250 
602 
800 
550 
895 
838 
763 
789 
902 
410 
166 
46 
431 
881 
936 
644 
182 
310 
269 
443 
909 
435 
778 
314 
652 
42 
715 
786 
834 
759 
681 
26 
324 
55 
864 
449 
162 
732 
401 
52 
117 
239 
310 
774 
50 
403 
998 
76 
348 
5 
874 
820 
787 
212 
243 
421 
363 
535 
661 
347 
86 
480 
31 
537 
739 
102 
921 
631 
628 
741 
1 
303 
472 
225 
441 
750 
425 
520 
929 
665 
478 
935 
799 
169 
748 
265 
238 
772 
255 
323 
474 
22 
320 
481 
330 
181 
544 
257 
65 
58 
698 
287 
990 
818 
455 
210 
951 
898 
476 
149 
148 
106 
387 
696 
734 
589 
219 
810 
492 
356 
360 
976 
852 
256 
126 
142 
884 
476 
720 
485 
238 
110 
469 
364 
952 
828 
579 
220 
25 
364 
879 
286 
618 
88 
310 
90 
767 
848 
8 
338 
341 
505 
482 
294 
497 
785 
94 
225 
706 
578 
764 
741 
782 
555 
661 
492 
476 
920 
882 
938 
7 
669 
701 
732 
774 
270 
486 
801 
803 
16 
726 
308 
849 
889 
395 
394 
200 
612 
255 
635 
481 
32 
199 
350 
582 
84 
779 
51 
406 
911 
408 
401 
956 
498 
819 
509 
994 
861 
436 
925 
773 
421 
707 
450 
690 
283 
278 
73 
321 
916 
490 
444 
937 
833 
309 
916 
994 
558 
12 
547 
480 
103 
4 
76 
551 
536 
702 
445 
901 
249 
199 
896 
152 
585 
647 
174 
316 
147 
481 
368 
662 
708 
85 
395 
178 
290 
215 
995 
791 
182 
578 
216 
240 
407 
911 
622 
91 
75 
857 
366 
158 
572 
42 
819 
457 
453 
489 
586 
394 
848 
735 
436 
361 
289 
611 
254 
26 
332 
614 
298 
400 
689 
864 
781 
208 
404 
685 
110 
724 
977 
221 
633 
666 
318 
897 
995 
311 
962 
517 
476 
206 
561 
981 
831 
114 
237 
724 
100 
253 
161 
205 
606 
924 
419 
669 
368 
87 
560 
538 
579 
689 
368 
245 
832 
882 
139 
956 
634 
767 
828 
961 
999 
338 
879 
741 
93 
457 
835 
623 
481 
664 
146 
37 
506 
214 
433 
93 
259 
390 
276 
353 
192 
311 
604 
260 
10 
929 
801 
101 
422 
854 
549 
779 
974 
890 
299 
354 
897 
521 
616 
561 
258 
991 
738 
633 
752 
446 
831 
843 
470 
750 
288 
863 
875 
683 
906 
431 
884 
323 
764 
204 
892 
50 
971 
710 
44 
164 
358 
652 
809 
255 
690 
204 
32 
59 
779 
65 
65 
454 
718 
181 
106 
815 
481 
942 
346 
301 
434 
199 
368 
778 
383 
855 
339 
139 
514 
38 
776 
122 
711 
65 
621 
685 
342 
333 
376 
209 
627 
171 
872 
602 
432 
811 
864 
411 
455 
894 
933 
652 
972 
545 
791 
600 
650 
705 
988 
276 
169 
417 
95 
502 
914 
647 
335 
116 
560 
398 
431 
550 
917 
892 
664 
803 
983 
598 
556 
748 
178 
167 
118 
465 
571 
584 
626 
872 
331 
108 
90 
571 
371 
20 
913 
88 
958 
879 
28 
987 
650 
223 
434 
387 
616 
361 
705 
123 
446 
218 
581 
700 
782 
954 
600 
125 
331 
151 
589 
192 
161 
639 
651 
10 
773 
65 
548 
825 
74 
424 
281 
145 
442 
533 
204 
428 
59 
533 
611 
262 
304 
711 
750 
650 
401 
83 
483 
655 
750 
850 
362 
863 
772 
673 
749 
398 
690 
43 
934 
670 
856 
270 
184 
837 
124 
5 
191 
456 
298 
1000 
159 
477 
190 
107 
185 
184 
306 
550 
244 
887 
56 
433 
761 
270 
454 
